[[[[0,	0]
,[0,	1]
,[0.5,	0.5]]
,[[0,	1]
,[0.3333333333,	0.6666666667]
,[0,	1]]
,[[0.1428571429,	0.8571428571]
,[0.16,	0.84]
,[0.1081081081,	0.8918918919]]
,[[0.2,	0.8]
,[0.1818181818,	0.8181818182]
,[0.1627906977,	0.8372093023]]
,[[0.4,	0.6]
,[0.347826087,	0.652173913]
,[0.1842105263,	0.8157894737]]
,[[0,	1]
,[0.5454545455,	0.4545454545]
,[0.2307692308,	0.7692307692]]
,[[0,	0]
,[0.5,	0.5]
,[1,	0]]
,[[0,	0]
,[0,	0]
,[0,	0]]]
,[[[0,	0]
,[0,	0]
,[0,	0]]
,[[0,	1]
,[0,	0]
,[0.5,	0.5]]
,[[1,	0]
,[1,	0]
,[0.8,	0.2]]
,[[1,	0]
,[0.8333333333,	0.1666666667]
,[0.6,	0.4]]
,[[1,	0]
,[1,	0]
,[0.6666666667,	0.3333333333]]
,[[1,	0]
,[0.8181818182,	0.1818181818]
,[0.8947368421,	0.1052631579]]
,[[1,	0]
,[1,	0]
,[0.6666666667,	0.3333333333]]
,[[0,	0]
,[1,	0]
,[0,		0]]]
,[[[0,	0]
,[0,	0]
,[0,	0]]
,[[0,	0]
,[0.6,	0.4]
,[0,	1]]
,[[1,	0]
,[0.25,	0.75]
,[0,	1]]
,[[0.375,	0.625]
,[0.5,	0.5]
,[0.5,	0.5]]
,[[0.6666666667,	0.3333333333]
,[0.6153846154,	0.3846153846]
,[0.5,	0.5]]
,[[1,	0]
,[0.6923076923,	0.3076923077]
,[0.9090909091,	0.09090909091]]
,[[0,	0]
,[1,	0]
,[1,	0]]
,[[0,	0]
,[0,	0]
,[0,	0]]]
,[[[0,	0]
,[0,	0]
,[0,	0]]
,[[0,	0]
,[0,	0]
,[0,	0]]
,[[0,	0]
,[0,	0]
,[0,	1]]
,[[1,	0]
,[1,	0]
,[0.2,	0.8]]
,[[0,	0]
,[0.75,	0.25]
,[0.4,	0.6]]
,[[1,	0]
,[0,	1]
,[0.5,	0.5]]
,[[0.5,	0.5]
,[0,	1]
,[0,	0]]
,[[0,	0]
,[0,	0]
,[0,	0]]]]